<svg xmlns:xlink="http://www.w3.org/1999/xlink" viewBox="0 0 330.451572 351.603453" xmlns="http://www.w3.org/2000/svg" version="1.1">
 <metadata>
  <rdf:RDF xmlns:dc="http://purl.org/dc/elements/1.1/" xmlns:cc="http://creativecommons.org/ns#" xmlns:rdf="http://www.w3.org/1999/02/22-rdf-syntax-ns#">
   <cc:Work>
    <dc:type rdf:resource="http://purl.org/dc/dcmitype/StillImage"/>
    <dc:date>2026-07-15T20:43:32.471811</dc:date>
    <dc:format>image/svg+xml</dc:format>
    <dc:creator>
     <cc:Agent>
      <dc:title>Matplotlib v3.10.8, https://matplotlib.org/</dc:title>
     </cc:Agent>
    </dc:creator>
   </cc:Work>
  </rdf:RDF>
 </metadata>
 <defs>
  <style type="text/css">*{stroke-linejoin: round; stroke-linecap: butt}</style>
 </defs>
 <g id="figure_1">
  <g id="patch_1">
   <path d="M 0 351.603453 
L 330.451572 351.603453 
L 330.451572 0 
L 0 0 
L 0 351.603453 
z
" style="fill: none"/>
  </g>
  <g id="axes_1">
   <g id="patch_2">
    <path d="M 294.201184 163.24325 
C 294.201184 146.011335 290.806873 128.946978 284.212504 113.026765 
C 277.618136 97.106551 267.951954 82.640088 255.76715 70.455284 
C 243.582346 58.27048 229.115883 48.604298 213.19567 42.00993 
C 197.275456 35.415562 180.2111 32.02125 162.979184 32.02125 
C 145.747269 32.02125 128.682913 35.415562 112.762699 42.00993 
C 96.842485 48.604298 82.376022 58.27048 70.191218 70.455284 
C 58.006414 82.640088 48.340233 97.106551 41.745864 113.026765 
C 35.151496 128.946978 31.757184 146.011335 31.757184 163.24325 
C 31.757184 180.475165 35.151496 197.539522 41.745864 213.459735 
C 48.340233 229.379949 58.006414 243.846412 70.191218 256.031216 
C 82.376022 268.21602 96.842485 277.882202 112.762699 284.47657 
C 128.682913 291.070938 145.747269 294.46525 162.979184 294.46525 
C 180.2111 294.46525 197.275456 291.070938 213.19567 284.47657 
C 229.115883 277.882202 243.582346 268.21602 255.76715 256.031216 
C 267.951954 243.846412 277.618136 229.379949 284.212504 213.459735 
C 290.806873 197.539522 294.201184 180.475165 294.201184 163.24325 
M 162.979184 163.24325 
C 162.979184 163.24325 162.979184 163.24325 162.979184 163.24325 
C 162.979184 163.24325 162.979184 163.24325 162.979184 163.24325 
C 162.979184 163.24325 162.979184 163.24325 162.979184 163.24325 
C 162.979184 163.24325 162.979184 163.24325 162.979184 163.24325 
C 162.979184 163.24325 162.979184 163.24325 162.979184 163.24325 
C 162.979184 163.24325 162.979184 163.24325 162.979184 163.24325 
C 162.979184 163.24325 162.979184 163.24325 162.979184 163.24325 
C 162.979184 163.24325 162.979184 163.24325 162.979184 163.24325 
C 162.979184 163.24325 162.979184 163.24325 162.979184 163.24325 
C 162.979184 163.24325 162.979184 163.24325 162.979184 163.24325 
C 162.979184 163.24325 162.979184 163.24325 162.979184 163.24325 
C 162.979184 163.24325 162.979184 163.24325 162.979184 163.24325 
C 162.979184 163.24325 162.979184 163.24325 162.979184 163.24325 
C 162.979184 163.24325 162.979184 163.24325 162.979184 163.24325 
C 162.979184 163.24325 162.979184 163.24325 162.979184 163.24325 
C 162.979184 163.24325 162.979184 163.24325 162.979184 163.24325 
L 162.979184 163.24325 
z
" style="fill: none"/>
   </g>
   <g id="patch_3">
    <path d="M 162.979184 60.015277 
L 238.214411 103.245159 
L 267.030537 186.992292 
L 200.935912 242.061208 
L 119.708514 253.095722 
L 75.985431 183.099007 
L 93.215611 107.608656 
z
" clip-path="url(#pa5c9ffd75e)" style="fill: #228833; opacity: 0.08; stroke: #228833; stroke-linejoin: miter"/>
   </g>
   <g id="patch_4">
    <path d="M 162.979184 63.51453 
L 231.374845 108.699531 
L 263.619017 186.213635 
L 203.213316 246.790285 
L 122.745053 246.790285 
L 86.21999 180.763035 
L 85.008131 101.06341 
z
" clip-path="url(#pa5c9ffd75e)" style="fill: #0077bb; opacity: 0.08; stroke: #0077bb; stroke-linejoin: miter"/>
   </g>
   <g id="patch_5">
    <path d="M 162.979184 67.013783 
L 228.639018 110.88128 
L 265.324777 186.602964 
L 197.14024 234.179412 
L 128.818129 234.179412 
L 89.63151 179.984378 
L 95.951437 109.790405 
z
" clip-path="url(#pa5c9ffd75e)" style="fill: #aa3377; opacity: 0.08; stroke: #aa3377; stroke-linejoin: miter"/>
   </g>
   <g id="patch_6">
    <path d="M 162.979184 116.00333 
L 221.799452 116.335651 
L 214.151981 174.923107 
L 172.847934 183.735919 
L 147.796493 194.770433 
L 133.981267 169.861836 
L 121.941788 130.517018 
z
" clip-path="url(#pa5c9ffd75e)" style="fill: #ee3377; opacity: 0.08; stroke: #ee3377; stroke-linejoin: miter"/>
   </g>
   <g id="matplotlib.axis_1">
    <g id="xtick_1">
     <g id="line2d_1">
      <path d="M 162.979184 163.24325 
L 162.979184 32.02125 
" clip-path="url(#pa5c9ffd75e)" style="fill: none; stroke: #808080; stroke-width: 0.9; stroke-linecap: square"/>
     </g>
     <g id="text_1">
      <text style="font-size: 9.5px; font-family: 'Helvetica Neue', 'Helvetica', 'Arial', 'DejaVu Sans', sans-serif; fill: currentColor" transform="translate(152.952231 15.423594)">Total</text>
      <text style="font-size: 9.5px; font-family: 'Helvetica Neue', 'Helvetica', 'Arial', 'DejaVu Sans', sans-serif; fill: currentColor" transform="translate(143.100434 25.435703)">Accuracy</text>
     </g>
    </g>
    <g id="xtick_2">
     <g id="line2d_2">
      <path d="M 162.979184 163.24325 
L 265.572675 81.427671 
" clip-path="url(#pa5c9ffd75e)" style="fill: none; stroke: #808080; stroke-width: 0.9; stroke-linecap: square"/>
     </g>
     <g id="text_2">
      <text style="font-size: 9.5px; font-family: 'Helvetica Neue', 'Helvetica', 'Arial', 'DejaVu Sans', sans-serif; text-anchor: middle; fill: currentColor" x="276.518316" y="75.107212" transform="rotate(-0 276.518316 75.107212)">Easy</text>
     </g>
    </g>
    <g id="xtick_3">
     <g id="line2d_3">
      <path d="M 162.979184 163.24325 
L 290.911175 192.442892 
" clip-path="url(#pa5c9ffd75e)" style="fill: none; stroke: #808080; stroke-width: 0.9; stroke-linecap: square"/>
     </g>
     <g id="text_3">
      <text style="font-size: 9.5px; font-family: 'Helvetica Neue', 'Helvetica', 'Arial', 'DejaVu Sans', sans-serif; text-anchor: middle; fill: currentColor" x="304.560166" y="198.014084" transform="rotate(-0 304.560166 198.014084)">Medium</text>
     </g>
    </g>
    <g id="xtick_4">
     <g id="line2d_4">
      <path d="M 162.979184 163.24325 
L 219.914276 281.470187 
" clip-path="url(#pa5c9ffd75e)" style="fill: none; stroke: #808080; stroke-width: 0.9; stroke-linecap: square"/>
     </g>
     <g id="text_4">
      <text style="font-size: 9.5px; font-family: 'Helvetica Neue', 'Helvetica', 'Arial', 'DejaVu Sans', sans-serif; text-anchor: middle; fill: currentColor" x="225.988649" y="296.539649" transform="rotate(-0 225.988649 296.539649)">Hard</text>
     </g>
    </g>
    <g id="xtick_5">
     <g id="line2d_5">
      <path d="M 162.979184 163.24325 
L 106.044092 281.470187 
" clip-path="url(#pa5c9ffd75e)" style="fill: none; stroke: #808080; stroke-width: 0.9; stroke-linecap: square"/>
     </g>
     <g id="text_5">
      <text style="font-size: 9.5px; font-family: 'Helvetica Neue', 'Helvetica', 'Arial', 'DejaVu Sans', sans-serif; text-anchor: middle; fill: currentColor" x="99.96972" y="296.539649" transform="rotate(-0 99.96972 296.539649)">Sound</text>
     </g>
    </g>
    <g id="xtick_6">
     <g id="line2d_6">
      <path d="M 162.979184 163.24325 
L 35.047194 192.442892 
" clip-path="url(#pa5c9ffd75e)" style="fill: none; stroke: #808080; stroke-width: 0.9; stroke-linecap: square"/>
     </g>
     <g id="text_6">
      <text style="font-size: 9.5px; font-family: 'Helvetica Neue', 'Helvetica', 'Arial', 'DejaVu Sans', sans-serif; text-anchor: middle; fill: currentColor" x="21.398203" y="198.014084" transform="rotate(-0 21.398203 198.014084)">Music</text>
     </g>
    </g>
    <g id="xtick_7">
     <g id="line2d_7">
      <path d="M 162.979184 163.24325 
L 60.385694 81.427671 
" clip-path="url(#pa5c9ffd75e)" style="fill: none; stroke: #808080; stroke-width: 0.9; stroke-linecap: square"/>
     </g>
     <g id="text_7">
      <text style="font-size: 9.5px; font-family: 'Helvetica Neue', 'Helvetica', 'Arial', 'DejaVu Sans', sans-serif; text-anchor: middle; fill: currentColor" x="49.440053" y="75.234869" transform="rotate(-0 49.440053 75.234869)">Speech</text>
     </g>
    </g>
   </g>
   <g id="matplotlib.axis_2">
    <g id="ytick_1">
     <g id="line2d_8">
      <path d="M 162.979184 119.502583 
C 168.723156 119.502583 174.411275 120.634021 179.718013 122.832143 
C 185.024751 125.030266 189.846905 128.252327 193.908506 132.313928 
C 197.970108 136.375529 201.192168 141.197684 203.390291 146.504422 
C 205.588414 151.811159 206.719851 157.499278 206.719851 163.24325 
C 206.719851 168.987222 205.588414 174.675341 203.390291 179.982078 
C 201.192168 185.288816 197.970108 190.110971 193.908506 194.172572 
C 189.846905 198.234173 185.024751 201.456234 179.718013 203.654357 
C 174.411275 205.852479 168.723156 206.983917 162.979184 206.983917 
C 157.235213 206.983917 151.547094 205.852479 146.240356 203.654357 
C 140.933618 201.456234 136.111464 198.234173 132.049862 194.172572 
C 127.988261 190.110971 124.766201 185.288816 122.568078 179.982078 
C 120.369955 174.675341 119.238518 168.987222 119.238518 163.24325 
C 119.238518 157.499278 120.369955 151.811159 122.568078 146.504422 
C 124.766201 141.197684 127.988261 136.375529 132.049862 132.313928 
C 136.111464 128.252327 140.933618 125.030266 146.240356 122.832143 
C 151.547094 120.634021 157.235213 119.502583 162.979184 119.502583 
" clip-path="url(#pa5c9ffd75e)" style="fill: none; stroke: #808080; stroke-width: 0.9; stroke-linecap: square"/>
     </g>
     <g id="text_8">
      <text style="font-size: 8.5px; font-family: 'Helvetica Neue', 'Helvetica', 'Arial', 'DejaVu Sans', sans-serif; text-anchor: start; fill: currentColor" x="179.718013" y="121.157378" transform="rotate(-0 179.718013 121.157378)">50</text>
     </g>
    </g>
    <g id="ytick_2">
     <g id="line2d_9">
      <path d="M 162.979184 75.761917 
C 174.467128 75.761917 185.843365 78.024791 196.456841 82.421037 
C 207.070317 86.817282 216.714626 93.261403 224.837828 101.384606 
C 232.961031 109.507809 239.405152 119.152117 243.801398 129.765593 
C 248.197643 140.379069 250.460518 151.755307 250.460518 163.24325 
C 250.460518 174.731193 248.197643 186.107431 243.801398 196.720907 
C 239.405152 207.334383 232.961031 216.978691 224.837828 225.101894 
C 216.714626 233.225097 207.070317 239.669218 196.456841 244.065463 
C 185.843365 248.461709 174.467128 250.724583 162.979184 250.724583 
C 151.491241 250.724583 140.115003 248.461709 129.501527 244.065463 
C 118.888052 239.669218 109.243743 233.225097 101.12054 225.101894 
C 92.997338 216.978691 86.553217 207.334383 82.156971 196.720907 
C 77.760725 186.107431 75.497851 174.731193 75.497851 163.24325 
C 75.497851 151.755307 77.760725 140.379069 82.156971 129.765593 
C 86.553217 119.152117 92.997338 109.507809 101.12054 101.384606 
C 109.243743 93.261403 118.888052 86.817282 129.501527 82.421037 
C 140.115003 78.024791 151.491241 75.761917 162.979184 75.761917 
" clip-path="url(#pa5c9ffd75e)" style="fill: none; stroke: #808080; stroke-width: 0.9; stroke-linecap: square"/>
     </g>
     <g id="text_9">
      <text style="font-size: 8.5px; font-family: 'Helvetica Neue', 'Helvetica', 'Arial', 'DejaVu Sans', sans-serif; text-anchor: start; fill: currentColor" x="196.456841" y="80.746271" transform="rotate(-0 196.456841 80.746271)">75</text>
     </g>
    </g>
    <g id="ytick_3">
     <g id="line2d_10">
      <path d="M 162.979184 32.02125 
C 180.2111 32.02125 197.275456 35.415562 213.19567 42.00993 
C 229.115883 48.604298 243.582346 58.27048 255.76715 70.455284 
C 267.951954 82.640088 277.618136 97.106551 284.212504 113.026765 
C 290.806873 128.946978 294.201184 146.011335 294.201184 163.24325 
C 294.201184 180.475165 290.806873 197.539522 284.212504 213.459735 
C 277.618136 229.379949 267.951954 243.846412 255.76715 256.031216 
C 243.582346 268.21602 229.115883 277.882202 213.19567 284.47657 
C 197.275456 291.070938 180.2111 294.46525 162.979184 294.46525 
C 145.747269 294.46525 128.682913 291.070938 112.762699 284.47657 
C 96.842485 277.882202 82.376022 268.21602 70.191218 256.031216 
C 58.006414 243.846412 48.340233 229.379949 41.745864 213.459735 
C 35.151496 197.539522 31.757184 180.475165 31.757184 163.24325 
C 31.757184 146.011335 35.151496 128.946978 41.745864 113.026765 
C 48.340233 97.106551 58.006414 82.640088 70.191218 70.455284 
C 82.376022 58.27048 96.842485 48.604298 112.762699 42.00993 
C 128.682913 35.415562 145.747269 32.02125 162.979184 32.02125 
" clip-path="url(#pa5c9ffd75e)" style="fill: none; stroke: #808080; stroke-width: 0.9; stroke-linecap: square"/>
     </g>
     <g id="text_10">
      <text style="font-size: 8.5px; font-family: 'Helvetica Neue', 'Helvetica', 'Arial', 'DejaVu Sans', sans-serif; text-anchor: start; fill: currentColor" x="213.19567" y="40.335164" transform="rotate(-0 213.19567 40.335164)">100</text>
     </g>
    </g>
   </g>
   <g id="line2d_11">
    <path d="M 162.979184 60.015277 
L 238.214411 103.245159 
L 267.030537 186.992292 
L 200.935912 242.061208 
L 119.708514 253.095722 
L 75.985431 183.099007 
L 93.215611 107.608656 
L 162.979184 60.015277 
" clip-path="url(#pa5c9ffd75e)" style="fill: none; stroke: #228833; stroke-width: 2.1; stroke-linecap: square"/>
   </g>
   <g id="line2d_12">
    <path d="M 162.979184 63.51453 
L 231.374845 108.699531 
L 263.619017 186.213635 
L 203.213316 246.790285 
L 122.745053 246.790285 
L 86.21999 180.763035 
L 85.008131 101.06341 
L 162.979184 63.51453 
" clip-path="url(#pa5c9ffd75e)" style="fill: none; stroke: #0077bb; stroke-width: 2.1; stroke-linecap: square"/>
   </g>
   <g id="line2d_13">
    <path d="M 162.979184 67.013783 
L 228.639018 110.88128 
L 265.324777 186.602964 
L 197.14024 234.179412 
L 128.818129 234.179412 
L 89.63151 179.984378 
L 95.951437 109.790405 
L 162.979184 67.013783 
" clip-path="url(#pa5c9ffd75e)" style="fill: none; stroke: #aa3377; stroke-width: 2.1; stroke-linecap: square"/>
   </g>
   <g id="line2d_14">
    <path d="M 162.979184 116.00333 
L 221.799452 116.335651 
L 214.151981 174.923107 
L 172.847934 183.735919 
L 147.796493 194.770433 
L 133.981267 169.861836 
L 121.941788 130.517018 
L 162.979184 116.00333 
" clip-path="url(#pa5c9ffd75e)" style="fill: none; stroke: #ee3377; stroke-width: 2.1; stroke-linecap: square"/>
   </g>
   <g id="patch_7">
    <path d="M 162.979184 32.02125 
C 145.747269 32.02125 128.682913 35.415562 112.762699 42.00993 
C 96.842485 48.604298 82.376022 58.27048 70.191218 70.455284 
C 58.006414 82.640088 48.340233 97.106551 41.745864 113.026765 
C 35.151496 128.946978 31.757184 146.011335 31.757184 163.24325 
C 31.757184 180.475165 35.151496 197.539522 41.745864 213.459735 
C 48.340233 229.379949 58.006414 243.846412 70.191218 256.031216 
C 82.376022 268.21602 96.842485 277.882202 112.762699 284.47657 
C 128.682913 291.070938 145.747269 294.46525 162.979184 294.46525 
C 180.2111 294.46525 197.275456 291.070938 213.19567 284.47657 
C 229.115883 277.882202 243.582346 268.21602 255.76715 256.031216 
C 267.951954 243.846412 277.618136 229.379949 284.212504 213.459735 
C 290.806873 197.539522 294.201184 180.475165 294.201184 163.24325 
C 294.201184 146.011335 290.806873 128.946978 284.212504 113.026765 
C 277.618136 97.106551 267.951954 82.640088 255.76715 70.455284 
C 243.582346 58.27048 229.115883 48.604298 213.19567 42.00993 
C 197.275456 35.415562 180.2111 32.02125 162.979184 32.02125 
" style="fill: none; stroke: #808080; stroke-opacity: 0.4; stroke-linejoin: miter; stroke-linecap: square"/>
   </g>
   <g id="legend_1">
    <g id="line2d_15">
     <path d="M 68.688013 321.740328 
L 74.988013 321.740328 
L 81.288013 321.740328 
" style="fill: none; stroke: #228833; stroke-width: 2.1; stroke-linecap: square"/>
    </g>
    <g id="text_11">
     <text style="font-size: 9px; font-family: 'Helvetica Neue', 'Helvetica', 'Arial', 'DejaVu Sans', sans-serif; text-anchor: start; fill: currentColor" x="88.488013" y="324.890328" transform="rotate(-0 88.488013 324.890328)">CESAR (Ours)</text>
    </g>
    <g id="line2d_16">
     <path d="M 68.688013 334.440171 
L 74.988013 334.440171 
L 81.288013 334.440171 
" style="fill: none; stroke: #0077bb; stroke-width: 2.1; stroke-linecap: square"/>
    </g>
    <g id="text_12">
     <text style="font-size: 9px; font-family: 'Helvetica Neue', 'Helvetica', 'Arial', 'DejaVu Sans', sans-serif; text-anchor: start; fill: currentColor" x="88.488013" y="337.590171" transform="rotate(-0 88.488013 337.590171)">CESAR w/o OP</text>
    </g>
    <g id="line2d_17">
     <path d="M 161.773325 321.740328 
L 168.073325 321.740328 
L 174.373325 321.740328 
" style="fill: none; stroke: #aa3377; stroke-width: 2.1; stroke-linecap: square"/>
    </g>
    <g id="text_13">
     <text style="font-size: 9px; font-family: 'Helvetica Neue', 'Helvetica', 'Arial', 'DejaVu Sans', sans-serif; text-anchor: start; fill: currentColor" x="181.573325" y="324.890328" transform="rotate(-0 181.573325 324.890328)">Ke-Omni-R</text>
    </g>
    <g id="line2d_18">
     <path d="M 161.773325 334.440171 
L 168.073325 334.440171 
L 174.373325 334.440171 
" style="fill: none; stroke: #ee3377; stroke-width: 2.1; stroke-linecap: square"/>
    </g>
    <g id="text_14">
     <text style="font-size: 9px; font-family: 'Helvetica Neue', 'Helvetica', 'Arial', 'DejaVu Sans', sans-serif; text-anchor: start; fill: currentColor" x="181.573325" y="337.590171" transform="rotate(-0 181.573325 337.590171)">Qwen2.5-Omni-7B</text>
    </g>
   </g>
  </g>
 </g>
 <defs>
  <clipPath id="pa5c9ffd75e">
   <path d="M 294.201184 163.24325 
C 294.201184 146.011335 290.806873 128.946978 284.212504 113.026765 
C 277.618136 97.106551 267.951954 82.640088 255.76715 70.455284 
C 243.582346 58.27048 229.115883 48.604298 213.19567 42.00993 
C 197.275456 35.415562 180.2111 32.02125 162.979184 32.02125 
C 145.747269 32.02125 128.682913 35.415562 112.762699 42.00993 
C 96.842485 48.604298 82.376022 58.27048 70.191218 70.455284 
C 58.006414 82.640088 48.340233 97.106551 41.745864 113.026765 
C 35.151496 128.946978 31.757184 146.011335 31.757184 163.24325 
C 31.757184 180.475165 35.151496 197.539522 41.745864 213.459735 
C 48.340233 229.379949 58.006414 243.846412 70.191218 256.031216 
C 82.376022 268.21602 96.842485 277.882202 112.762699 284.47657 
C 128.682913 291.070938 145.747269 294.46525 162.979184 294.46525 
C 180.2111 294.46525 197.275456 291.070938 213.19567 284.47657 
C 229.115883 277.882202 243.582346 268.21602 255.76715 256.031216 
C 267.951954 243.846412 277.618136 229.379949 284.212504 213.459735 
C 290.806873 197.539522 294.201184 180.475165 294.201184 163.24325 
M 162.979184 163.24325 
C 162.979184 163.24325 162.979184 163.24325 162.979184 163.24325 
C 162.979184 163.24325 162.979184 163.24325 162.979184 163.24325 
C 162.979184 163.24325 162.979184 163.24325 162.979184 163.24325 
C 162.979184 163.24325 162.979184 163.24325 162.979184 163.24325 
C 162.979184 163.24325 162.979184 163.24325 162.979184 163.24325 
C 162.979184 163.24325 162.979184 163.24325 162.979184 163.24325 
C 162.979184 163.24325 162.979184 163.24325 162.979184 163.24325 
C 162.979184 163.24325 162.979184 163.24325 162.979184 163.24325 
C 162.979184 163.24325 162.979184 163.24325 162.979184 163.24325 
C 162.979184 163.24325 162.979184 163.24325 162.979184 163.24325 
C 162.979184 163.24325 162.979184 163.24325 162.979184 163.24325 
C 162.979184 163.24325 162.979184 163.24325 162.979184 163.24325 
C 162.979184 163.24325 162.979184 163.24325 162.979184 163.24325 
C 162.979184 163.24325 162.979184 163.24325 162.979184 163.24325 
C 162.979184 163.24325 162.979184 163.24325 162.979184 163.24325 
C 162.979184 163.24325 162.979184 163.24325 162.979184 163.24325 
z
"/>
  </clipPath>
 </defs>
</svg>
