<svg xmlns:xlink="http://www.w3.org/1999/xlink" viewBox="0 0 308.653984 331.000852" xmlns="http://www.w3.org/2000/svg" version="1.1">
 <metadata>
  <rdf:RDF xmlns:dc="http://purl.org/dc/elements/1.1/" xmlns:cc="http://creativecommons.org/ns#" xmlns:rdf="http://www.w3.org/1999/02/22-rdf-syntax-ns#">
   <cc:Work>
    <dc:type rdf:resource="http://purl.org/dc/dcmitype/StillImage"/>
    <dc:date>2026-07-15T16:12:22.369534</dc:date>
    <dc:format>image/svg+xml</dc:format>
    <dc:creator>
     <cc:Agent>
      <dc:title>Matplotlib v3.10.8, https://matplotlib.org/</dc:title>
     </cc:Agent>
    </dc:creator>
   </cc:Work>
  </rdf:RDF>
 </metadata>
 <defs>
  <style type="text/css">*{stroke-linejoin: round; stroke-linecap: butt}</style>
 </defs>
 <g id="figure_1">
  <g id="patch_1">
   <path d="M 0 331.000852 
L 308.653984 331.000852 
L 308.653984 0 
L 0 0 
L 0 331.000852 
z
" style="fill: none"/>
  </g>
  <g id="axes_1">
   <g id="patch_2">
    <path d="M 288.324198 157.626269 
C 288.324198 140.498253 284.950353 123.536786 278.395745 107.712563 
C 271.841137 91.888339 262.233237 77.509102 250.121901 65.397766 
C 238.010565 53.28643 223.631328 43.67853 207.807104 37.123922 
C 191.982881 30.569314 175.021414 27.195469 157.893398 27.195469 
C 140.765382 27.195469 123.803915 30.569314 107.979692 37.123922 
C 92.155469 43.67853 77.776231 53.28643 65.664895 65.397766 
C 53.553559 77.509102 43.945659 91.888339 37.391052 107.712563 
C 30.836444 123.536786 27.462598 140.498253 27.462598 157.626269 
C 27.462598 174.754284 30.836444 191.715752 37.391052 207.539975 
C 43.945659 223.364198 53.553559 237.743436 65.664895 249.854772 
C 77.776231 261.966108 92.155469 271.574007 107.979692 278.128615 
C 123.803915 284.683223 140.765382 288.057069 157.893398 288.057069 
C 175.021414 288.057069 191.982881 284.683223 207.807104 278.128615 
C 223.631328 271.574007 238.010565 261.966108 250.121901 249.854772 
C 262.233237 237.743436 271.841137 223.364198 278.395745 207.539975 
C 284.950353 191.715752 288.324198 174.754284 288.324198 157.626269 
M 157.893398 157.626269 
C 157.893398 157.626269 157.893398 157.626269 157.893398 157.626269 
C 157.893398 157.626269 157.893398 157.626269 157.893398 157.626269 
C 157.893398 157.626269 157.893398 157.626269 157.893398 157.626269 
C 157.893398 157.626269 157.893398 157.626269 157.893398 157.626269 
C 157.893398 157.626269 157.893398 157.626269 157.893398 157.626269 
C 157.893398 157.626269 157.893398 157.626269 157.893398 157.626269 
C 157.893398 157.626269 157.893398 157.626269 157.893398 157.626269 
C 157.893398 157.626269 157.893398 157.626269 157.893398 157.626269 
C 157.893398 157.626269 157.893398 157.626269 157.893398 157.626269 
C 157.893398 157.626269 157.893398 157.626269 157.893398 157.626269 
C 157.893398 157.626269 157.893398 157.626269 157.893398 157.626269 
C 157.893398 157.626269 157.893398 157.626269 157.893398 157.626269 
C 157.893398 157.626269 157.893398 157.626269 157.893398 157.626269 
C 157.893398 157.626269 157.893398 157.626269 157.893398 157.626269 
C 157.893398 157.626269 157.893398 157.626269 157.893398 157.626269 
C 157.893398 157.626269 157.893398 157.626269 157.893398 157.626269 
L 157.893398 157.626269 
z
" style="fill: none"/>
   </g>
   <g id="patch_3">
    <path d="M 157.893398 84.110727 
L 209.23721 127.982905 
L 225.66723 196.755509 
L 157.893398 200.312712 
L 133.248368 171.855083 
L 83.958309 114.939825 
z
" clip-path="url(#p63011f8188)" style="fill: #ee7733; opacity: 0.12; stroke: #ee7733; stroke-linejoin: miter"/>
   </g>
   <g id="patch_4">
    <path d="M 157.893398 53.281629 
L 235.935992 112.568356 
L 242.09725 206.241385 
L 157.893398 273.828254 
L 63.420784 212.170058 
L 69.582042 106.639683 
z
" clip-path="url(#p63011f8188)" style="fill: #0077bb; opacity: 0.12; stroke: #0077bb; stroke-linejoin: miter"/>
   </g>
   <g id="matplotlib.axis_1">
    <g id="xtick_1">
     <g id="line2d_1">
      <path d="M 157.893398 157.626269 
L 157.893398 27.195469 
" clip-path="url(#p63011f8188)" style="fill: none; stroke: #808080; stroke-width: 0.9; stroke-linecap: square"/>
     </g>
     <g id="text_1">
      <text style="font-size: 10px; font-family: 'Helvetica Neue', 'Helvetica', 'Arial', 'DejaVu Sans', sans-serif; text-anchor: middle; fill: currentColor" x="157.893398" y="15.780625" transform="rotate(-0 157.893398 15.780625)">Sound</text>
     </g>
    </g>
    <g id="xtick_2">
     <g id="line2d_2">
      <path d="M 157.893398 157.626269 
L 270.849784 92.410869 
" clip-path="url(#p63011f8188)" style="fill: none; stroke: #808080; stroke-width: 0.9; stroke-linecap: square"/>
     </g>
     <g id="text_2">
      <text style="font-size: 10px; font-family: 'Helvetica Neue', 'Helvetica', 'Arial', 'DejaVu Sans', sans-serif; text-anchor: middle; fill: currentColor" x="282.97414" y="87.996025" transform="rotate(-0 282.97414 87.996025)">Music</text>
     </g>
    </g>
    <g id="xtick_3">
     <g id="line2d_3">
      <path d="M 157.893398 157.626269 
L 270.849784 222.841669 
" clip-path="url(#p63011f8188)" style="fill: none; stroke: #808080; stroke-width: 0.9; stroke-linecap: square"/>
     </g>
     <g id="text_3">
      <text style="font-size: 10px; font-family: 'Helvetica Neue', 'Helvetica', 'Arial', 'DejaVu Sans', sans-serif; text-anchor: middle; fill: currentColor" x="282.97414" y="232.5112" transform="rotate(-0 282.97414 232.5112)">Speech</text>
     </g>
    </g>
    <g id="xtick_4">
     <g id="line2d_4">
      <path d="M 157.893398 157.626269 
L 157.893398 288.057069 
" clip-path="url(#p63011f8188)" style="fill: none; stroke: #808080; stroke-width: 0.9; stroke-linecap: square"/>
     </g>
     <g id="text_4">
      <text style="font-size: 10px; font-family: 'Helvetica Neue', 'Helvetica', 'Arial', 'DejaVu Sans', sans-serif; text-anchor: middle; fill: currentColor" x="157.893398" y="304.6766" transform="rotate(-0 157.893398 304.6766)">Consistency</text>
     </g>
    </g>
    <g id="xtick_5">
     <g id="line2d_5">
      <path d="M 157.893398 157.626269 
L 44.937012 222.841669 
" clip-path="url(#p63011f8188)" style="fill: none; stroke: #808080; stroke-width: 0.9; stroke-linecap: square"/>
     </g>
     <g id="text_5">
      <text style="font-size: 10px; font-family: 'Helvetica Neue', 'Helvetica', 'Arial', 'DejaVu Sans', sans-serif; text-anchor: middle; fill: currentColor" x="32.812656" y="232.426825" transform="rotate(-0 32.812656 232.426825)">Structure</text>
     </g>
    </g>
    <g id="xtick_6">
     <g id="line2d_6">
      <path d="M 157.893398 157.626269 
L 44.937012 92.410869 
" clip-path="url(#p63011f8188)" style="fill: none; stroke: #808080; stroke-width: 0.9; stroke-linecap: square"/>
     </g>
     <g id="text_6">
      <text style="font-size: 10px; font-family: 'Helvetica Neue', 'Helvetica', 'Arial', 'DejaVu Sans', sans-serif; text-anchor: middle; fill: currentColor" x="32.812656" y="87.996025" transform="rotate(-0 32.812656 87.996025)">Perception</text>
     </g>
    </g>
   </g>
   <g id="matplotlib.axis_2">
    <g id="ytick_1">
     <g id="line2d_7">
      <path d="M 157.893398 133.911578 
C 161.007583 133.911578 164.091486 134.525004 166.968617 135.716751 
C 169.845749 136.908498 172.460156 138.655389 174.662217 140.85745 
C 176.864278 143.059511 178.611169 145.673918 179.802916 148.551049 
C 180.994663 151.428181 181.608089 154.512084 181.608089 157.626269 
C 181.608089 160.740453 180.994663 163.824357 179.802916 166.701488 
C 178.611169 169.57862 176.864278 172.193026 174.662217 174.395088 
C 172.460156 176.597149 169.845749 178.344039 166.968617 179.535786 
C 164.091486 180.727533 161.007583 181.34096 157.893398 181.34096 
C 154.779213 181.34096 151.69531 180.727533 148.818179 179.535786 
C 145.941047 178.344039 143.32664 176.597149 141.124579 174.395088 
C 138.922518 172.193026 137.175627 169.57862 135.983881 166.701488 
C 134.792134 163.824357 134.178707 160.740453 134.178707 157.626269 
C 134.178707 154.512084 134.792134 151.428181 135.983881 148.551049 
C 137.175627 145.673918 138.922518 143.059511 141.124579 140.85745 
C 143.32664 138.655389 145.941047 136.908498 148.818179 135.716751 
C 151.69531 134.525004 154.779213 133.911578 157.893398 133.911578 
" clip-path="url(#p63011f8188)" style="fill: none; stroke: #808080; stroke-width: 0.9; stroke-linecap: square"/>
     </g>
     <g id="text_7">
      <text style="font-size: 8.5px; font-family: 'Helvetica Neue', 'Helvetica', 'Arial', 'DejaVu Sans', sans-serif; text-anchor: start; fill: currentColor" x="166.968617" y="134.041986" transform="rotate(-0 166.968617 134.041986)">40</text>
     </g>
    </g>
    <g id="ytick_2">
     <g id="line2d_8">
      <path d="M 157.893398 98.339541 
C 165.67886 98.339541 173.388618 99.873108 180.581446 102.852475 
C 187.774275 105.831842 194.310292 110.199069 199.815445 115.704222 
C 205.320598 121.209375 209.687825 127.745392 212.667192 134.93822 
C 215.646559 142.131049 217.180125 149.840807 217.180125 157.626269 
C 217.180125 165.41173 215.646559 173.121488 212.667192 180.314317 
C 209.687825 187.507146 205.320598 194.043163 199.815445 199.548316 
C 194.310292 205.053468 187.774275 209.420695 180.581446 212.400063 
C 173.388618 215.37943 165.67886 216.912996 157.893398 216.912996 
C 150.107936 216.912996 142.398179 215.37943 135.20535 212.400063 
C 128.012521 209.420695 121.476504 205.053468 115.971351 199.548316 
C 110.466198 194.043163 106.098971 187.507146 103.119604 180.314317 
C 100.140237 173.121488 98.606671 165.41173 98.606671 157.626269 
C 98.606671 149.840807 100.140237 142.131049 103.119604 134.93822 
C 106.098971 127.745392 110.466198 121.209375 115.971351 115.704222 
C 121.476504 110.199069 128.012521 105.831842 135.20535 102.852475 
C 142.398179 99.873108 150.107936 98.339541 157.893398 98.339541 
" clip-path="url(#p63011f8188)" style="fill: none; stroke: #808080; stroke-width: 0.9; stroke-linecap: square"/>
     </g>
     <g id="text_8">
      <text style="font-size: 8.5px; font-family: 'Helvetica Neue', 'Helvetica', 'Arial', 'DejaVu Sans', sans-serif; text-anchor: start; fill: currentColor" x="180.581446" y="101.177709" transform="rotate(-0 180.581446 101.177709)">55</text>
     </g>
    </g>
    <g id="ytick_3">
     <g id="line2d_9">
      <path d="M 157.893398 62.767505 
C 170.350137 62.767505 182.685749 65.221211 194.194275 69.988199 
C 205.702801 74.755186 216.160429 81.742749 224.968673 90.550994 
C 233.776918 99.359238 240.764481 109.816866 245.531468 121.325391 
C 250.298456 132.833917 252.752162 145.16953 252.752162 157.626269 
C 252.752162 170.083007 250.298456 182.41862 245.531468 193.927146 
C 240.764481 205.435672 233.776918 215.893299 224.968673 224.701544 
C 216.160429 233.509788 205.702801 240.497351 194.194275 245.264339 
C 182.685749 250.031326 170.350137 252.485032 157.893398 252.485032 
C 145.436659 252.485032 133.101047 250.031326 121.592521 245.264339 
C 110.083995 240.497351 99.626368 233.509788 90.818123 224.701544 
C 82.009879 215.893299 75.022315 205.435672 70.255328 193.927146 
C 65.48834 182.41862 63.034635 170.083007 63.034635 157.626269 
C 63.034635 145.16953 65.48834 132.833917 70.255328 121.325391 
C 75.022315 109.816866 82.009879 99.359238 90.818123 90.550994 
C 99.626368 81.742749 110.083995 74.755186 121.592521 69.988199 
C 133.101047 65.221211 145.436659 62.767505 157.893398 62.767505 
" clip-path="url(#p63011f8188)" style="fill: none; stroke: #808080; stroke-width: 0.9; stroke-linecap: square"/>
     </g>
     <g id="text_9">
      <text style="font-size: 8.5px; font-family: 'Helvetica Neue', 'Helvetica', 'Arial', 'DejaVu Sans', sans-serif; text-anchor: start; fill: currentColor" x="194.194275" y="68.313433" transform="rotate(-0 194.194275 68.313433)">70</text>
     </g>
    </g>
    <g id="ytick_4">
     <g id="line2d_10">
      <path d="M 157.893398 27.195469 
C 175.021414 27.195469 191.982881 30.569314 207.807104 37.123922 
C 223.631328 43.67853 238.010565 53.28643 250.121901 65.397766 
C 262.233237 77.509102 271.841137 91.888339 278.395745 107.712563 
C 284.950353 123.536786 288.324198 140.498253 288.324198 157.626269 
C 288.324198 174.754284 284.950353 191.715752 278.395745 207.539975 
C 271.841137 223.364198 262.233237 237.743436 250.121901 249.854772 
C 238.010565 261.966108 223.631328 271.574007 207.807104 278.128615 
C 191.982881 284.683223 175.021414 288.057069 157.893398 288.057069 
C 140.765382 288.057069 123.803915 284.683223 107.979692 278.128615 
C 92.155469 271.574007 77.776231 261.966108 65.664895 249.854772 
C 53.553559 237.743436 43.945659 223.364198 37.391052 207.539975 
C 30.836444 191.715752 27.462598 174.754284 27.462598 157.626269 
C 27.462598 140.498253 30.836444 123.536786 37.391052 107.712563 
C 43.945659 91.888339 53.553559 77.509102 65.664895 65.397766 
C 77.776231 53.28643 92.155469 43.67853 107.979692 37.123922 
C 123.803915 30.569314 140.765382 27.195469 157.893398 27.195469 
" clip-path="url(#p63011f8188)" style="fill: none; stroke: #808080; stroke-width: 0.9; stroke-linecap: square"/>
     </g>
     <g id="text_10">
      <text style="font-size: 8.5px; font-family: 'Helvetica Neue', 'Helvetica', 'Arial', 'DejaVu Sans', sans-serif; text-anchor: start; fill: currentColor" x="207.807104" y="35.449157" transform="rotate(-0 207.807104 35.449157)">85</text>
     </g>
    </g>
   </g>
   <g id="line2d_11">
    <path d="M 157.893398 84.110727 
L 209.23721 127.982905 
L 225.66723 196.755509 
L 157.893398 200.312712 
L 133.248368 171.855083 
L 83.958309 114.939825 
L 157.893398 84.110727 
" clip-path="url(#p63011f8188)" style="fill: none; stroke: #ee7733; stroke-width: 2.3; stroke-linecap: square"/>
   </g>
   <g id="line2d_12">
    <path d="M 157.893398 53.281629 
L 235.935992 112.568356 
L 242.09725 206.241385 
L 157.893398 273.828254 
L 63.420784 212.170058 
L 69.582042 106.639683 
L 157.893398 53.281629 
" clip-path="url(#p63011f8188)" style="fill: none; stroke: #0077bb; stroke-width: 2.3; stroke-linecap: square"/>
   </g>
   <g id="patch_5">
    <path d="M 157.893398 27.195469 
C 140.765382 27.195469 123.803915 30.569314 107.979692 37.123922 
C 92.155469 43.67853 77.776231 53.28643 65.664895 65.397766 
C 53.553559 77.509102 43.945659 91.888339 37.391052 107.712563 
C 30.836444 123.536786 27.462598 140.498253 27.462598 157.626269 
C 27.462598 174.754284 30.836444 191.715752 37.391052 207.539975 
C 43.945659 223.364198 53.553559 237.743436 65.664895 249.854772 
C 77.776231 261.966108 92.155469 271.574007 107.979692 278.128615 
C 123.803915 284.683223 140.765382 288.057069 157.893398 288.057069 
C 175.021414 288.057069 191.982881 284.683223 207.807104 278.128615 
C 223.631328 271.574007 238.010565 261.966108 250.121901 249.854772 
C 262.233237 237.743436 271.841137 223.364198 278.395745 207.539975 
C 284.950353 191.715752 288.324198 174.754284 288.324198 157.626269 
C 288.324198 140.498253 284.950353 123.536786 278.395745 107.712563 
C 271.841137 91.888339 262.233237 77.509102 250.121901 65.397766 
C 238.010565 53.28643 223.631328 43.67853 207.807104 37.123922 
C 191.982881 30.569314 175.021414 27.195469 157.893398 27.195469 
" style="fill: none; stroke: #808080; stroke-opacity: 0.4; stroke-linejoin: miter; stroke-linecap: square"/>
   </g>
   <g id="PathCollection_1">
    <defs>
     <path id="mc6995696f9" d="M 0 2.345208 
C 0.621956 2.345208 1.218523 2.098102 1.658312 1.658312 
C 2.098102 1.218523 2.345208 0.621956 2.345208 0 
C 2.345208 -0.621956 2.098102 -1.218523 1.658312 -1.658312 
C 1.218523 -2.098102 0.621956 -2.345208 0 -2.345208 
C -0.621956 -2.345208 -1.218523 -2.098102 -1.658312 -1.658312 
C -2.098102 -1.218523 -2.345208 -0.621956 -2.345208 0 
C -2.345208 0.621956 -2.098102 1.218523 -1.658312 1.658312 
C -1.218523 2.098102 -0.621956 2.345208 0 2.345208 
z
" style="stroke: #ee7733"/>
    </defs>
    <g clip-path="url(#p63011f8188)">
     <use xlink:href="#mc6995696f9" x="157.893398" y="84.110727" style="fill: #ee7733; stroke: #ee7733"/>
     <use xlink:href="#mc6995696f9" x="209.23721" y="127.982905" style="fill: #ee7733; stroke: #ee7733"/>
     <use xlink:href="#mc6995696f9" x="225.66723" y="196.755509" style="fill: #ee7733; stroke: #ee7733"/>
     <use xlink:href="#mc6995696f9" x="157.893398" y="200.312712" style="fill: #ee7733; stroke: #ee7733"/>
     <use xlink:href="#mc6995696f9" x="133.248368" y="171.855083" style="fill: #ee7733; stroke: #ee7733"/>
     <use xlink:href="#mc6995696f9" x="83.958309" y="114.939825" style="fill: #ee7733; stroke: #ee7733"/>
    </g>
   </g>
   <g id="PathCollection_2">
    <defs>
     <path id="med632f945f" d="M 0 2.345208 
C 0.621956 2.345208 1.218523 2.098102 1.658312 1.658312 
C 2.098102 1.218523 2.345208 0.621956 2.345208 0 
C 2.345208 -0.621956 2.098102 -1.218523 1.658312 -1.658312 
C 1.218523 -2.098102 0.621956 -2.345208 0 -2.345208 
C -0.621956 -2.345208 -1.218523 -2.098102 -1.658312 -1.658312 
C -2.098102 -1.218523 -2.345208 -0.621956 -2.345208 0 
C -2.345208 0.621956 -2.098102 1.218523 -1.658312 1.658312 
C -1.218523 2.098102 -0.621956 2.345208 0 2.345208 
z
" style="stroke: #0077bb"/>
    </defs>
    <g clip-path="url(#p63011f8188)">
     <use xlink:href="#med632f945f" x="157.893398" y="53.281629" style="fill: #0077bb; stroke: #0077bb"/>
     <use xlink:href="#med632f945f" x="235.935992" y="112.568356" style="fill: #0077bb; stroke: #0077bb"/>
     <use xlink:href="#med632f945f" x="242.09725" y="206.241385" style="fill: #0077bb; stroke: #0077bb"/>
     <use xlink:href="#med632f945f" x="157.893398" y="273.828254" style="fill: #0077bb; stroke: #0077bb"/>
     <use xlink:href="#med632f945f" x="63.420784" y="212.170058" style="fill: #0077bb; stroke: #0077bb"/>
     <use xlink:href="#med632f945f" x="69.582042" y="106.639683" style="fill: #0077bb; stroke: #0077bb"/>
    </g>
   </g>
   <g id="legend_1">
    <g id="line2d_13">
     <path d="M 60.209648 313.269055 
L 67.334648 313.269055 
L 74.459648 313.269055 
" style="fill: none; stroke: #ee7733; stroke-width: 2.3; stroke-linecap: square"/>
    </g>
    <g id="text_11">
     <text style="font-size: 9.5px; font-family: 'Helvetica Neue', 'Helvetica', 'Arial', 'DejaVu Sans', sans-serif; text-anchor: start; fill: currentColor" x="82.059648" y="316.594055" transform="rotate(-0 82.059648 316.594055)">Outcome-only RL</text>
    </g>
    <g id="line2d_14">
     <path d="M 176.033945 313.269055 
L 183.158945 313.269055 
L 190.283945 313.269055 
" style="fill: none; stroke: #0077bb; stroke-width: 2.3; stroke-linecap: square"/>
    </g>
    <g id="text_12">
     <text style="font-size: 9.5px; font-family: 'Helvetica Neue', 'Helvetica', 'Arial', 'DejaVu Sans', sans-serif; text-anchor: start; fill: currentColor" x="197.883945" y="316.594055" transform="rotate(-0 197.883945 316.594055)">CESAR (ours)</text>
    </g>
   </g>
  </g>
 </g>
 <defs>
  <clipPath id="p63011f8188">
   <path d="M 288.324198 157.626269 
C 288.324198 140.498253 284.950353 123.536786 278.395745 107.712563 
C 271.841137 91.888339 262.233237 77.509102 250.121901 65.397766 
C 238.010565 53.28643 223.631328 43.67853 207.807104 37.123922 
C 191.982881 30.569314 175.021414 27.195469 157.893398 27.195469 
C 140.765382 27.195469 123.803915 30.569314 107.979692 37.123922 
C 92.155469 43.67853 77.776231 53.28643 65.664895 65.397766 
C 53.553559 77.509102 43.945659 91.888339 37.391052 107.712563 
C 30.836444 123.536786 27.462598 140.498253 27.462598 157.626269 
C 27.462598 174.754284 30.836444 191.715752 37.391052 207.539975 
C 43.945659 223.364198 53.553559 237.743436 65.664895 249.854772 
C 77.776231 261.966108 92.155469 271.574007 107.979692 278.128615 
C 123.803915 284.683223 140.765382 288.057069 157.893398 288.057069 
C 175.021414 288.057069 191.982881 284.683223 207.807104 278.128615 
C 223.631328 271.574007 238.010565 261.966108 250.121901 249.854772 
C 262.233237 237.743436 271.841137 223.364198 278.395745 207.539975 
C 284.950353 191.715752 288.324198 174.754284 288.324198 157.626269 
M 157.893398 157.626269 
C 157.893398 157.626269 157.893398 157.626269 157.893398 157.626269 
C 157.893398 157.626269 157.893398 157.626269 157.893398 157.626269 
C 157.893398 157.626269 157.893398 157.626269 157.893398 157.626269 
C 157.893398 157.626269 157.893398 157.626269 157.893398 157.626269 
C 157.893398 157.626269 157.893398 157.626269 157.893398 157.626269 
C 157.893398 157.626269 157.893398 157.626269 157.893398 157.626269 
C 157.893398 157.626269 157.893398 157.626269 157.893398 157.626269 
C 157.893398 157.626269 157.893398 157.626269 157.893398 157.626269 
C 157.893398 157.626269 157.893398 157.626269 157.893398 157.626269 
C 157.893398 157.626269 157.893398 157.626269 157.893398 157.626269 
C 157.893398 157.626269 157.893398 157.626269 157.893398 157.626269 
C 157.893398 157.626269 157.893398 157.626269 157.893398 157.626269 
C 157.893398 157.626269 157.893398 157.626269 157.893398 157.626269 
C 157.893398 157.626269 157.893398 157.626269 157.893398 157.626269 
C 157.893398 157.626269 157.893398 157.626269 157.893398 157.626269 
C 157.893398 157.626269 157.893398 157.626269 157.893398 157.626269 
z
"/>
  </clipPath>
 </defs>
</svg>
